No.	line_No	x	y
0	0	100.0	100.0
1	0	190.95454545454547	86.77272727272727
2	0	190.77777777777777	121.4074074074074
3	0	181.92857142857142	155.14285714285714
4	0	148.8235294117647	175.76470588235293
0	1	100.0	100.0
1	1	42.7	106.2
2	1	11.75	78.6
3	1	18.285714285714285	145.57142857142858
4	1	36.0	187.0
0	2	100.0	100.0
1	2	107.26315789473684	78.78947368421052
2	2	116.41379310344827	18.344827586206897
3	2	146.68421052631578	12.68421052631579
4	2	185.7391304347826	39.0
0	3	100.0	100.0
1	3	83.0909090909091	116.45454545454545
2	3	53.8974358974359	49.35897435897436
0	4	100.0	100.0
1	4	156.05	107.95
2	4	112.1	121.0
3	4	97.6086956521739	158.2173913043478
4	4	100.36363636363636	190.27272727272728

N PL number /24/
C PL capacity /1150.0/
v PL Velocity /0.5/