No.	line_No	x	y
0	0	100.0	100.0
1	0	92.62068965517241	62.37931034482759
2	0	86.02564102564102	21.28205128205128
0	1	100.0	100.0
1	1	118.16666666666667	70.44444444444444
2	1	129.2	42.84
3	1	165.08695652173913	51.608695652173914
4	1	176.125	68.75
0	2	100.0	100.0
1	2	135.5	138.1875
2	2	150.08333333333334	156.91666666666666
3	2	154.64285714285714	126.92857142857143
4	2	178.75	124.0
0	3	100.0	100.0
1	3	74.58620689655173	94.10344827586206
2	3	41.5	87.93333333333334
3	3	20.72	91.16
4	3	18.857142857142858	56.214285714285715
0	4	100.0	100.0
1	4	81.5625	130.84375
2	4	105.0909090909091	158.36363636363637
3	4	62.75757575757576	181.5151515151515
4	4	23.25925925925926	175.77777777777777

N PL number /48/
C PL capacity /3525.0/
v PL Velocity /0.5/