No.	line_No	x	y
0	0	100.0	100.0
1	0	144.04545454545453	81.54545454545455
2	0	179.8235294117647	73.58823529411765
3	0	167.04347826086956	20.434782608695652
0	1	100.0	100.0
1	1	63.03125	144.40625
2	1	30.17391304347826	177.95652173913044
3	1	80.33333333333333	180.76190476190476
0	2	100.0	100.0
1	2	79.9	77.2
2	2	64.55555555555556	32.5
3	2	28.2	22.133333333333333
4	2	26.05	63.8
0	3	100.0	100.0
1	3	115.44444444444444	119.96296296296296
2	3	120.9090909090909	170.45454545454547
3	3	160.5	179.375
4	3	178.16	133.76
0	4	100.0	100.0
1	4	119.2	50.0
2	4	108.53333333333333	14.066666666666666
3	4	57.44	106.92
4	4	15.80952380952381	123.80952380952381

N PL number /24/
C PL capacity /1150.0/
v PL Velocity /0.5/