No.	line_No	x	y
0	0	100.0	100.0
1	0	79.82352941176471	165.76470588235293
2	0	69.3	187.2
3	0	113.64285714285714	184.71428571428572
4	0	157.88888888888889	177.4814814814815
0	1	100.0	100.0
1	1	66.93333333333334	131.6
2	1	20.59090909090909	113.04545454545455
3	1	32.86666666666667	145.26666666666668
4	1	27.63157894736842	179.89473684210526
0	2	100.0	100.0
1	2	66.04166666666667	81.83333333333333
2	2	24.727272727272727	57.36363636363637
3	2	47.96153846153846	25.153846153846153
4	2	100.8125	19.125
0	3	100.0	100.0
1	3	122.6969696969697	50.54545454545455
2	3	164.6	19.68
3	3	171.2173913043478	72.43478260869566
4	3	176.85714285714286	130.60714285714286
0	4	100.0	100.0
1	4	120.60714285714286	96.39285714285714
2	4	115.33333333333333	138.85714285714286

N PL number /24/
C PL capacity /1150.0/
v PL Velocity /0.5/