No.	line_No	x	y
0	0	100.0	100.0
1	0	145.5625	108.375
2	0	187.25	115.91666666666667
3	0	174.94444444444446	148.33333333333334
4	0	159.7058823529412	186.76470588235293
0	1	100.0	100.0
1	1	104.23076923076923	28.5
2	1	53.45454545454545	25.818181818181817
3	1	22.166666666666668	50.125
0	2	100.0	100.0
1	2	130.56666666666666	59.166666666666664
2	2	176.93333333333334	69.26666666666667
3	2	163.57692307692307	20.115384615384617
0	3	100.0	100.0
1	3	62.714285714285715	82.5
2	3	17.458333333333332	118.58333333333333
3	3	58.97142857142857	135.05714285714285
4	3	32.2	177.56
0	4	100.0	100.0
1	4	107.12	106.12
2	4	81.53333333333333	156.8
3	4	94.69565217391305	186.34782608695653
4	4	127.36842105263158	155.3684210526316

N PL number /48/
C PL capacity /5750.0/
v PL Velocity /0.5/