No.	line_No	x	y
0	0	100.0	100.0
1	0	121.33333333333333	151.28571428571428
2	0	160.5	179.375
3	0	180.47826086956522	134.34782608695653
0	1	100.0	100.0
1	1	65.0	82.36
2	1	56.89473684210526	27.42105263157895
3	1	23.5	29.928571428571427
4	1	24.3125	66.5625
0	2	100.0	100.0
1	2	110.11764705882354	89.82352941176471
2	2	130.0	50.285714285714285
3	2	169.14285714285714	19.285714285714285
0	3	100.0	100.0
1	3	24.387096774193548	122.2258064516129
2	3	32.81481481481482	175.4814814814815
3	3	71.02631578947368	135.76315789473685
4	3	91.20689655172414	182.48275862068965
0	4	100.0	100.0
1	4	138.15	108.75
2	4	173.6818181818182	72.86363636363636
3	4	99.35714285714286	39.42857142857143
4	4	111.36363636363636	9.090909090909092

N PL number /48/
C PL capacity /5750.0/
v PL Velocity /0.5/