No.	line_No	x	y
0	0	100.0	100.0
1	0	39.53333333333333	72.6
2	0	21.0	48.07142857142857
3	0	30.2	14.3
0	1	100.0	100.0
1	1	79.47619047619048	176.95238095238096
2	1	115.06666666666666	183.8
3	1	160.5	179.375
4	1	178.16	133.76
0	2	100.0	100.0
1	2	63.31578947368421	36.94736842105263
2	2	101.72222222222223	21.88888888888889
3	2	126.1	49.93333333333333
4	2	165.29166666666666	18.916666666666668
0	3	100.0	100.0
1	3	51.54545454545455	103.22727272727273
2	3	15.25	125.15
3	3	63.516129032258064	140.74193548387098
4	3	31.36	176.24
0	4	100.0	100.0
1	4	101.53571428571429	89.64285714285714
2	4	166.03225806451613	79.48387096774194
3	4	120.32142857142857	135.42857142857142

N PL number /48/
C PL capacity /5750.0/
v PL Velocity /0.5/