No.	line_No	x	y
0	0	100.0	100.0
1	0	63.205882352941174	63.294117647058826
2	0	54.55555555555556	32.55555555555556
3	0	17.818181818181817	39.09090909090909
4	0	14.12	78.64
0	1	100.0	100.0
1	1	158.11111111111111	113.33333333333333
2	1	189.8125	124.15625
3	1	182.4	83.15
0	2	100.0	100.0
1	2	62.94444444444444	137.22222222222223
2	2	20.294117647058822	140.41176470588235
3	2	36.19230769230769	181.3846153846154
4	2	85.10714285714286	185.67857142857142
0	3	100.0	100.0
1	3	119.41379310344827	70.96551724137932
2	3	118.0	41.85
3	3	150.23076923076923	11.653846153846153
4	3	100.35714285714286	11.214285714285714
0	4	100.0	100.0
1	4	95.25	117.05
2	4	135.22222222222223	164.0
3	4	173.88888888888889	161.05555555555554

N PL number /24/
C PL capacity /1150.0/
v PL Velocity /0.5/