No.	line_No	x	y
0	0	100.0	100.0
1	0	154.63636363636363	110.86363636363636
2	0	188.28571428571428	98.5
3	0	185.23333333333332	136.6
0	1	100.0	100.0
1	1	59.1578947368421	135.21052631578948
2	1	17.482758620689655	140.51724137931035
3	1	32.714285714285715	159.28571428571428
4	1	36.0	184.47619047619048
0	2	100.0	100.0
1	2	61.714285714285715	59.25714285714286
2	2	39.68181818181818	31.59090909090909
3	2	14.035714285714286	76.07142857142857
0	3	100.0	100.0
1	3	102.08333333333333	69.375
2	3	138.86363636363637	54.86363636363637
3	3	150.23076923076923	11.653846153846153
4	3	105.95238095238095	19.333333333333332
0	4	100.0	100.0
1	4	94.9047619047619	118.28571428571429
2	4	81.46153846153847	185.92307692307693
3	4	124.11111111111111	174.0
4	4	164.4	174.8

N PL number /24/
C PL capacity /1150.0/
v PL Velocity /0.5/